tail:
    visual:
        True
    path:
        Cat/tail.npy
    bbox:
        - 66
        - 1711
        - 1032
        - 1983
    depth:
        0.5

body_down:
    visual:
        True
    path:
        Cat/body_down.npy
    bbox:
        - 609
        - 909
        - 1455
        - 2003
    depth:
        0.48

leg_l:
    visual:
        True
    path:
        Cat/leg_l.npy
    bbox:
        - 714
        - 1097
        - 1002
        - 2043
    depth:
        0.45

leg_r:
    visual:
        True
    path:
        Cat/leg_r.npy
    bbox:
        - 1054
        - 1073
        - 1355
        - 2046
    depth:
        0.45
body_up:
    visual:
        True
    path:
        Cat/body_up.npy
    bbox:
        - 714
        - 599
        - 1351
        - 1424
    depth:
        - [0.50000625,0.49250452,0.490004,0.49250452,0.50000625]
        - [0.48250264,0.470001,0.47250127,0.470001,0.48250264]
        - [0.470001,0.45750014,0.46000025,0.45750014,0.470001,]
        - [0.45750014,0.45500006,0.45250002,0.45500006,0.45750014]
        - [0.46000025,0.45250002,0.45,0.45250002,0.46000025]
        - [0.45750014,0.45500006,0.45250002,0.45500006,0.45750014]
        - [0.470001,0.45750014,0.46000025,0.45750014,0.470001,]
        - [0.48250264,0.470001,0.47250127,0.470001,0.48250264]
        - [0.50000625,0.49250452,0.490004,0.49250452,0.50000625]

head:
    visual:
        True
    path:
        Cat/head.npy
    bbox:
        - 749
        - 294
        - 1317
        - 800
    depth:
        - [0.440008,0.41500113,0.420002,0.41500113,0.440008]
        - [0.41500113,0.4100005,0.40500013,0.4100005,0.41500113]
        - [0.420002,0.40500013,0.4,0.40500013,0.420002]
        - [0.41500113,0.4100005,0.40500013,0.4100005,0.41500113]
        - [0.440008, 0.41500113,0.420002,0.41500113,0.440008]
eye_l:
    visual:
        True
    path:
        Cat/eye_l.npy
    bbox:
        - 844
        - 479
        - 957
        - 585
    depth:
        0.35

eye_r:
    visual:
        True
    path:
        Cat/eye_r.npy
    bbox:
        - 1114
        - 474
        - 1227
        - 580
    depth:
        0.35

mouth:
    visual:
        True
    path:
        Cat/mouth.npy
    bbox:
        - 922
        - 629
        - 1148
        - 769
    depth:
        0.32

nose:
    visual:
        True
    path:
        Cat/nose.npy
    bbox:
        - 918
        - 601
        - 1165
        - 700
    depth:
        0.32

ear_l:
    visual:
        True
    path:
        Cat/ear_l.npy
    bbox:
        - 760
        - 187
        - 975
        - 463
    depth:
        0.38

ear_r:
    visual:
        True
    path:
        Cat/ear_r.npy
    bbox:
        - 1091
        - 183
        - 1305
        - 460
    depth:
        0.38