tail:
    visual:
        True
    path:
        Cat2/tail.npy
    bbox:
        - 66
        - 1711
        - 1032
        - 1983
    depth:
        0.5

body_down:
    visual:
        True
    path:
        Cat2/body_down.npy
    bbox:
        - 609
        - 909
        - 1455
        - 2003
    depth:
        0.48

leg_l:
    visual:
        True
    path:
        Cat2/leg_l.npy
    bbox:
        - 751
        - 1278
        - 1002
        - 2043
    depth:
        0.45

leg_r:
    visual:
        True
    path:
        Cat2/leg_r.npy
    bbox:
        - 1054
        - 1217
        - 1306
        - 2046
    depth:
        0.45
body_up:
    visual:
        True
    path:
        Cat2/body_up.npy
    bbox:
        - 718
        - 747
        - 1355
        - 1572
    depth:
        - [0.50000625,0.49250452,0.490004,0.49250452,0.50000625]
        - [0.48250264,0.470001,0.47250127,0.470001,0.48250264]
        - [0.470001,0.45750014,0.46000025,0.45750014,0.470001,]
        - [0.45750014,0.45500006,0.45250002,0.45500006,0.45750014]
        - [0.46000025,0.45250002,0.45,0.45250002,0.46000025]
        - [0.45750014,0.45500006,0.45250002,0.45500006,0.45750014]
        - [0.470001,0.45750014,0.46000025,0.45750014,0.470001,]
        - [0.48250264,0.470001,0.47250127,0.470001,0.48250264]
        - [0.50000625,0.49250452,0.490004,0.49250452,0.50000625]

head:
    visual:
        True
    path:
        Cat2/head.npy
    bbox:
        - 749
        - 454
        - 1317
        - 960
    depth:
        - [0.440008,0.41500113,0.420002,0.41500113,0.440008]
        - [0.41500113,0.4100005,0.40500013,0.4100005,0.41500113]
        - [0.420002,0.40500013,0.4,0.40500013,0.420002]
        - [0.41500113,0.4100005,0.40500013,0.4100005,0.41500113]
        - [0.440008, 0.41500113,0.420002,0.41500113,0.440008]
eye_l:
    visual:
        True
    path:
        Cat2/eye_l.npy
    bbox:
        - 830
        - 640
        - 960
        - 745
    depth:
        - [0.38,0.38,0.38]
        - [0.38,0.38,0.38]

eye_r:
    visual:
        True
    path:
        Cat2/eye_r.npy
    bbox:
        - 1111
        - 635
        - 1241 
        - 740
    depth:
        - [0.38,0.38,0.38]
        - [0.38,0.38,0.38]

mouth:
    visual:
        True
    path:
        Cat2/mouth.npy
    bbox:
        - 922
        - 789
        - 1148
        - 929
    depth:
        - [0.38,0.38,0.38]
        - [0.38,0.38,0.38]

nose:
    visual:
        True
    path:
        Cat2/nose.npy
    bbox:
        - 918
        - 761
        - 1165
        - 860
    depth:
        0.37

ear_l:
    visual:
        True
    path:
        Cat2/ear_l.npy
    bbox:
        - 760
        - 347
        - 975
        - 623
    depth:
        0.42

ear_r:
    visual:
        True
    path:
        Cat2/ear_r.npy
    bbox:
        - 1091
        - 343
        - 1305
        - 620
    depth:
        0.42